0 0.034180 0.582194 0.067871 0.043945
0 0.096924 0.592285 0.067871 0.043945
0 0.221680 0.572917 0.051270 0.041667
0 0.203369 0.535482 0.038086 0.022786
0 0.245850 0.543457 0.041016 0.025716
0 0.483032 0.523438 0.021729 0.024740
0 0.418091 0.575521 0.052490 0.041016
0 0.449829 0.538574 0.028564 0.027018
0 0.589722 0.520996 0.032959 0.016602
0 0.595337 0.532878 0.031494 0.018880
0 0.688354 0.536133 0.038818 0.027995
0 0.727661 0.529948 0.043701 0.031901
0 0.702026 0.562826 0.065674 0.031250
0 0.659058 0.634603 0.062256 0.067383
0 0.777710 0.630697 0.085693 0.067383
