0 0.076538 0.652181 0.121338 0.120768
0 0.345337 0.667969 0.103271 0.099609
0 0.369507 0.588542 0.077881 0.059245
0 0.290405 0.582682 0.070068 0.066406
0 0.340088 0.513184 0.040527 0.027018
0 0.427490 0.545085 0.040527 0.027018
0 0.570068 0.496908 0.027832 0.021810
0 0.667725 0.500163 0.027832 0.021810
0 0.694580 0.497559 0.027832 0.021810
0 0.712646 0.510579 0.022949 0.021810
0 0.808350 0.511230 0.027832 0.021810
0 0.840820 0.538900 0.041016 0.028971
0 0.889404 0.559733 0.063965 0.044596
0 0.916260 0.600749 0.083496 0.044596
