0 0.059814 0.566569 0.036621 0.040690
0 0.130005 0.584961 0.093018 0.063151
0 0.181763 0.543294 0.049561 0.032552
0 0.227051 0.547689 0.041016 0.028320
0 0.320923 0.532552 0.034424 0.025391
0 0.325562 0.508789 0.026611 0.018880
0 0.351685 0.513997 0.026611 0.018880
0 0.453491 0.493815 0.026611 0.018880
0 0.591553 0.496745 0.019531 0.030599
0 0.652710 0.486328 0.032471 0.014323
0 0.691040 0.484375 0.039307 0.021484
0 0.692383 0.503092 0.038574 0.029622
0 0.733643 0.500163 0.038574 0.029622
0 0.624268 0.596191 0.049316 0.068685
0 0.817017 0.621257 0.124756 0.099935
