0 0.186401 0.595540 0.054932 0.040690
0 0.046387 0.625326 0.084961 0.051432
0 0.159912 0.553711 0.039551 0.025391
0 0.208740 0.559570 0.039551 0.025391
0 0.399658 0.581543 0.044922 0.036133
0 0.429565 0.542480 0.029053 0.027018
0 0.563599 0.518555 0.028564 0.019531
0 0.571533 0.530762 0.025879 0.021159
0 0.658203 0.528483 0.034180 0.025716
0 0.696045 0.519531 0.042969 0.027344
0 0.677856 0.550781 0.060791 0.026042
0 0.687744 0.577311 0.040039 0.044596
0 0.658569 0.627441 0.068115 0.061523
0 0.827759 0.598633 0.058838 0.060547
