0 0.068481 0.723145 0.135010 0.107096
0 0.048096 0.630371 0.095703 0.069987
0 0.150024 0.621908 0.095947 0.069987
0 0.174805 0.538086 0.029785 0.024740
0 0.485107 0.544108 0.045898 0.037435
0 0.468872 0.511882 0.043213 0.026367
0 0.461548 0.497721 0.029541 0.022786
0 0.559692 0.489095 0.022705 0.021810
0 0.582886 0.481283 0.022705 0.015951
0 0.581421 0.498698 0.030029 0.024089
0 0.679810 0.484375 0.030029 0.024089
0 0.700684 0.508138 0.038574 0.027344
0 0.732788 0.524577 0.046631 0.036133
0 0.811279 0.528158 0.043945 0.036784
