0 0.049194 0.692057 0.097900 0.106771
0 0.259277 0.695312 0.118164 0.117188
0 0.302002 0.605794 0.079590 0.063151
0 0.202148 0.611003 0.112305 0.061849
0 0.278809 0.527995 0.040039 0.027344
0 0.520996 0.490560 0.027344 0.025391
0 0.563721 0.534505 0.046387 0.048177
0 0.615967 0.482096 0.024902 0.020182
0 0.641357 0.475586 0.024902 0.020182
0 0.651367 0.489258 0.027344 0.020182
0 0.743164 0.478841 0.029297 0.022786
0 0.772705 0.502604 0.040527 0.027344
0 0.813965 0.518229 0.058594 0.040365
0 0.837891 0.547526 0.058594 0.040365
