0 0.085571 0.556803 0.034912 0.041992
0 0.147827 0.573893 0.075928 0.054036
0 0.203735 0.538574 0.048584 0.032878
0 0.249023 0.544922 0.039062 0.030599
0 0.346069 0.532878 0.033447 0.027344
0 0.347534 0.507324 0.024658 0.017904
0 0.373291 0.515462 0.025391 0.023763
0 0.478882 0.497070 0.025146 0.021484
0 0.624146 0.508626 0.018799 0.040690
0 0.682007 0.495931 0.026123 0.012695
0 0.728149 0.496094 0.039307 0.019531
0 0.730225 0.513835 0.039551 0.027018
0 0.773804 0.514160 0.044189 0.033529
0 0.860352 0.637695 0.117676 0.101562
0 0.779053 0.547363 0.045410 0.036784
