0 0.082520 0.615560 0.074707 0.047526
0 0.216919 0.585286 0.043213 0.035156
0 0.189331 0.549154 0.034912 0.018229
0 0.231201 0.555176 0.039062 0.022461
0 0.418823 0.571777 0.045654 0.042643
0 0.567505 0.513997 0.029541 0.018229
0 0.575439 0.526530 0.032227 0.024414
0 0.660400 0.525879 0.032227 0.024414
0 0.693848 0.518555 0.040527 0.027344
0 0.673340 0.511230 0.021484 0.017253
0 0.674683 0.609863 0.070068 0.060872
0 0.690430 0.563965 0.039551 0.036784
0 0.772095 0.601888 0.056396 0.055339
0 0.827881 0.591960 0.055664 0.038737
0 0.681885 0.547038 0.055664 0.025065
