0 0.192383 0.575195 0.080078 0.054036
0 0.235352 0.537109 0.047852 0.033854
0 0.284180 0.542969 0.047852 0.033854
0 0.377686 0.532878 0.037598 0.029297
0 0.407959 0.515951 0.030762 0.022786
0 0.377686 0.507487 0.030762 0.022786
0 0.496826 0.509440 0.030762 0.022786
0 0.508545 0.495768 0.030762 0.022786
0 0.579346 0.507487 0.030762 0.022786
0 0.657471 0.511393 0.022949 0.048828
0 0.706055 0.620117 0.051758 0.091797
0 0.914307 0.650391 0.138184 0.125000
0 0.778564 0.500651 0.032715 0.035156
0 0.579712 0.492025 0.028076 0.013346
0 0.721924 0.507161 0.029297 0.021484
