0 0.050659 0.663249 0.100830 0.085612
0 0.074829 0.598633 0.095459 0.057292
0 0.165283 0.604980 0.064453 0.048503
0 0.283813 0.578288 0.034912 0.043945
0 0.292480 0.550944 0.033691 0.023763
0 0.255737 0.542643 0.027588 0.022135
0 0.472290 0.581217 0.039795 0.044596
0 0.514648 0.529134 0.021973 0.019857
0 0.617920 0.529460 0.028320 0.019206
0 0.628052 0.540853 0.032959 0.022461
0 0.718628 0.544759 0.037354 0.028320
0 0.755981 0.542155 0.037354 0.028320
0 0.735596 0.531087 0.028320 0.013997
0 0.759644 0.590169 0.046631 0.046224
0 0.747681 0.635742 0.070068 0.057292
0 0.915039 0.627441 0.073730 0.049805
