0 0.111084 0.553874 0.032715 0.041992
0 0.170898 0.570475 0.087891 0.056966
0 0.220825 0.536296 0.051514 0.032878
0 0.264648 0.539714 0.041016 0.028646
0 0.351196 0.531738 0.031982 0.034180
0 0.352661 0.506348 0.025146 0.020508
0 0.378906 0.512044 0.027832 0.022135
0 0.477051 0.494141 0.027832 0.022135
0 0.613770 0.502930 0.018066 0.039062
0 0.717773 0.487630 0.042969 0.020833
0 0.719116 0.506348 0.039795 0.028320
0 0.762207 0.503092 0.045410 0.028320
0 0.645630 0.601562 0.041260 0.074870
0 0.846313 0.624837 0.139893 0.107747
