0 0.052734 0.586914 0.103516 0.078125
0 0.099487 0.535482 0.065186 0.039714
0 0.158569 0.538249 0.052490 0.034180
0 0.293213 0.500488 0.032227 0.022461
0 0.262573 0.493001 0.028564 0.017904
0 0.391479 0.492839 0.026611 0.026693
0 0.400269 0.477051 0.031494 0.021159
0 0.477173 0.488118 0.025146 0.021810
0 0.545776 0.479818 0.014404 0.033203
0 0.474121 0.472493 0.026367 0.015299
0 0.799683 0.593913 0.119873 0.099284
0 0.684570 0.483073 0.037598 0.029297
0 0.604858 0.469727 0.022705 0.014974
0 0.605347 0.483724 0.022705 0.014974
0 0.651611 0.531250 0.041504 0.048177
0 0.651123 0.487305 0.028809 0.026693
